147,3
147,2
147,1
147,0
146,3
146,2
146,1
146,0
0,278
0,471
0,412
145,4
145,3
145,2
145,1
145,0
144,3
144,2
0,470
0,468
144,1
144,0
143,49
143,48
143,47
143,46
143,45
143,44
143,43
143,42
143,41
143,40
143,39
143,38
143,37
143,36
143,35
138,2
116,2
46,4
46,3
46,2
46,1
46,0
45,3
45,2
45,1
45,0
44,3
44,2
44,1
44,0
43,4
43,3
43,2
43,1
43,0
42,3
42,2
42,1
42,0
41,3
41,2
41,1
41,0
40,3
40,2
40,1
40,0
39,3
39,2
39,1
39,0
38,3
38,2
38,1
32,3
32,1
20,3
20,2
20,1
19,2
19,1
17,3
19,3
17,2
17,1
16,3
16,2
16,1
15,3
15,2
15,1
14,2
13,2
12,3
12,2
12,1
11,3
11,2
11,1
10,3
10,2
10,1
9,3
9,2
9,1
8,3
8,2
8,1
7,13
7,12
7,11
7,10
7,5
18,1
7,4
18,3
7,3
7,2
7,1
